##
#  file: DCGeomParam_e72_20250813
#
# Name Explaination (use DCGeomRecord as refference):
#             X:      x [mm]
#             Y:      y [mm] (same as L)
#             Z:      z [mm]
#             TA:     tilt angle [deg]
#             RA1:    rotation angle along x-axis [deg]
#             RA2:    rotation angle along y-axis [deg]
#             L:      local length from VI or VO [mm]
#             Res:    resolution [mm]
#             W0:     central wire # (0-origin)
#             dXdW:   sense wire pitch [mm]
#             Ofs:    offset [mm] (to be tuned by analysis)
#
#__________________________________________________________________________________________________
#
# Id	Name	X	Y	Z	TA	RA1	RA2	L	Res	W0	dXdW	Ofs
#
### BLC1a
1 BLC1a-U1	0.00	0.00	-12.0	45.0	0.0	0.0	-12.00	0.20	15.25	8.0	0.00
2 BLC1a-UP1	0.00	0.00	-12.5	45.0	0.0	0.0	-12.50	0.20	15.25	8.0	0.00
3 BLC1a-V1	0.00	0.00	-13.0	-45.0	0.0	0.0	-13.00	0.20	15.25	8.0	0.00
4 BLC1a-VP1	0.00	0.00	-13.5	-45.0	0.0	0.0	-13.50	0.20	15.25	8.0	0.00
5 BLC1a-U2	0.00	0.00	-12.0	45.0	0.0	0.0	-12.00	0.20	15.25	8.0	0.00
6 BLC1a-UP2	0.00	0.00	-12.0	45.0	0.0	0.0	-12.00	0.20	15.25	8.0	0.00
7 BLC1a-V2	0.00	0.00	-12.0	45.0	0.0	0.0	-12.00	0.20	15.25	8.0	0.00
8 BLC1a-VP2	0.00	0.00	-12.0	45.0	0.0	0.0	-12.00	0.20	15.25	8.0	0.00
### BLC1b
9  BLC1b-U1	0.00	0.00	-12.0	45.0	0.0	0.0	-12.00	0.20	15.25	8.0	0.00
10 BLC1b-UP1	0.00	0.00	-12.5	45.0	0.0	0.0	-12.50	0.20	15.25	8.0	0.00
11 BLC1b-V1	0.00	0.00	-13.0	-45.0	0.0	0.0	-13.00	0.20	15.25	8.0	0.00
12 BLC1b-VP1	0.00	0.00	-13.5	-45.0	0.0	0.0	-13.50	0.20	15.25	8.0	0.00
13 BLC1b-U2	0.00	0.00	-12.0	45.0	0.0	0.0	-12.00	0.20	15.25	8.0	0.00
14 BLC1b-UP2	0.00	0.00	-12.0	45.0	0.0	0.0	-12.00	0.20	15.25	8.0	0.00
15 BLC1b-V2	0.00	0.00	-12.0	45.0	0.0	0.0	-12.00	0.20	15.25	8.0	0.00
16 BLC1b-VP2	0.00	0.00	-12.0	45.0	0.0	0.0	-12.00	0.20	15.25	8.0	0.00

########## BcOutTracking
# Reference point is FF
# Id	Name	X	Y	Z	TA	RA1	RA2	L	Res	W0	dXdW	Ofs
### BLC2a
1001	BLC2a-U1	0.0	-0.5	-1456.615	-45.0	0.0	0.0	-1456.615	0.18404	16.0	-5.0	0.00000
1002	BLC2a-UP1	0.0	-0.5	-1451.615	-45.0	0.0	0.0	-1451.615	0.18404	15.5	-5.0	0.00194
1003	BLC2a-V1	0.0	-0.5	-1446.615	45.0	0.0	0.0	-1446.615	0.18404	16.0	-5.0	0.01393
1004	BLC2a-VP1	0.0	-0.5	-1441.615	45.0	0.0	0.0	-1441.615	0.18404	15.5	-5.0	0.00396
1005	BLC2a-U2	0.0	-0.5	-1436.615	-45.0	0.0	0.0	-1436.615	0.18404	16.0	-5.0	0.00565
1006	BLC2a-UP2	0.0	-0.5	-1431.615	-45.0	0.0	0.0	-1431.615	0.18404	15.5	-5.0	0.00659
1007	BLC2a-V2	0.0	-0.5	-1426.615	45.0	0.0	0.0	-1426.615	0.18404	16.0	-5.0	-0.00035
1008	BLC2a-VP2	0.0	-0.5	-1421.615	45.0	0.0	0.0	-1421.615	0.18404	15.5	-5.0	-0.00109
### BLC2b
1009	BLC2b-U1	0	0.5	-1178.005	-45.0	0.0	0.0	-1178.005	0.19369	15.5	5.0	0.00407
1010	BLC2b-UP1	0	0.5	-1173.005	-45.0	0.0	0.0	-1173.005	0.19369	16.0	5.0	0.00484
1011	BLC2b-V1	0	0.5	-1168.005	45.0	0.0	0.0	-1168.005	0.19369	15.5	5.0	0.00404
1012	BLC2b-VP1	0	0.5	-1163.005	45.0	0.0	0.0	-1163.005	0.19369	16.0	5.0	0.00338
1013	BLC2b-U2	0	0.5	-1158.005	-45.0	0.0	0.0	-1158.005	0.19369	15.5	5.0	0.00241
1014	BLC2b-UP2	0	0.5	-1153.005	-45.0	0.0	0.0	-1153.005	0.19369	16.0	5.0	0.00153
1015	BLC2b-V2	0	0.5	-1148.005	45.0	0.0	0.0	-1148.005	0.19369	15.5	5.0	0.00393
1016	BLC2b-VP2	0	0.5	-1143.005	45.0	0.0	0.0	-1143.005	0.19369	16.0	5.0	0.00390
### Counters
3001 BHT	0.00	0.00	0.00	0.0	0.0	0.0	0.00	0.00	0.0	0.0	0.00
3002 T0		0.00	0.00	-1100.0	0.0	0.0	0.0	0.00	0.00	0.0	0.0	0.00
3003 BAC	0.00	0.00	-1041.63	0.0	0.0	0.0	0.00	0.00	0.0	0.0	0.00
3004 KVC1	0.00	0.00	752.21	0.0	0.0	0.0	0.00	0.00	0.0	0.0	0.00
3005 SAC	0.00	0.00	-912.62	0.0	0.0	0.0	0.00	0.00	0.0	0.0	0.00
3006 BH2	0.00	0.00	-554.62	0.0	0.0	0.0	0.00	0.00	0.0	0.0	0.00
3008 KVC2	0.00	0.00	-674.06	0.0	0.0	0.0	0.00	0.00	0.0	0.0	0.00

### E72
# 3003 BAC	0.00	0.00	-1017.0	0.0	0.0	0.0	0.00	0.00	0.0	0.0	0.00
# 3004 SAC	0.00	0.00	-890.5	0.0	0.0	0.0	0.00	0.00	0.0	0.0	0.00
# 3005 KVC	0.00	0.00	-864.0	0.0	0.0	0.0	0.00	0.00	0.0	0.0	0.00
# 3006 BH2	0.00	0.00	-845.0	0.0	0.0	0.0	0.00	0.00	0.0	0.0	0.00
